0.997000 1.002000
0.996000 1.002000
0.995000 1.002000
0.994000 1.000000
0.993000 1.000000
0.992000 1.000000
0.991000 1.002000
0.990000 1.002000
0.989000 1.002000
0.988000 1.000000
0.987000 1.000000
0.986000 1.712800
0.985000 1.697400
0.984000 1.723400
0.983000 1.714867
0.982000 1.697400
0.981000 1.723400
0.980000 1.707267
0.979000 1.723400
0.978000 1.714867
0.977000 1.707267
0.976000 1.288733
0.975000 1.245200
0.974000 1.239400
0.973000 1.288733
0.972000 1.245133
0.971000 1.239400
0.970000 1.288733
0.969000 1.245133
0.968000 1.239400
0.967000 1.288733
0.966000 1.186800
0.965000 1.178867
0.964000 1.213467
0.963000 1.189000
0.962000 1.178867
0.961000 1.211267
0.960000 1.189000
0.959000 1.223000
0.958000 1.186800
0.957000 1.178867
0.956000 1.359933
0.955000 1.337000
0.954000 1.345267
0.953000 1.337000
0.952000 1.359933
0.951000 1.345267
0.950000 1.337000
0.949000 1.359933
0.948000 1.345267
0.947000 1.337000
0.946000 1.557667
0.945000 1.546867
0.944000 1.492867
0.943000 1.557667
0.942000 1.546867
0.941000 1.492867
0.940000 1.557667
0.939000 1.546867
0.938000 1.546867
0.937000 1.545267
0.936000 1.666000
0.935000 1.631933
0.934000 1.648200
0.933000 1.663800
0.932000 1.631933
0.931000 1.648200
0.930000 1.663800
0.929000 1.631933
0.928000 1.648200
0.927000 1.607667
0.926000 1.591133
0.925000 1.596067
0.924000 1.591133
0.923000 1.607667
0.922000 1.596067
0.921000 1.591133
0.920000 1.607667
0.919000 1.579533
0.918000 1.607733
0.917000 1.483467
0.916000 1.531533
0.915000 1.485467
0.914000 1.485933
0.913000 1.531533
0.912000 1.485533
0.911000 1.485933
0.910000 1.531533
0.909000 1.485533
0.908000 1.485933
0.907000 1.465133
0.906000 1.440333
0.905000 1.439933
0.904000 1.440333
0.903000 1.465133
0.902000 1.439933
0.901000 1.440333
0.900000 1.465133
0.899000 1.439933
0.898000 1.439933
0.897000 1.476333
0.896000 1.460467
0.895000 1.473267
0.894000 1.476333
0.893000 1.460467
0.892000 1.473267
0.891000 1.476333
0.890000 1.460467
0.889000 1.473267
0.888000 1.476333
0.887000 1.483133
0.886000 1.524333
0.885000 1.526133
0.884000 1.483133
0.883000 1.524333
0.882000 1.523800
0.881000 1.483133
0.880000 1.524333
0.879000 1.523800
0.878000 1.526133
0.877000 1.567067
0.876000 1.555467
0.875000 1.574733
0.874000 1.564733
0.873000 1.555400
0.872000 1.574733
0.871000 1.564733
0.870000 1.555400
0.869000 1.574733
0.868000 1.564733
0.867000 1.580333
0.866000 1.626200
0.865000 1.576867
0.864000 1.580333
0.863000 1.626200
0.862000 1.576867
0.861000 1.580333
0.860000 1.626200
0.859000 1.576867
0.858000 1.587667
0.857000 1.607667
0.856000 1.613933
0.855000 1.616200
0.854000 1.613933
0.853000 1.607667
0.852000 1.616200
0.851000 1.613933
0.850000 1.607667
0.849000 1.616200
0.848000 1.613933
0.847000 1.590333
0.846000 1.641667
0.845000 1.621267
0.844000 1.590333
0.843000 1.641667
0.842000 1.621267
0.841000 1.590333
0.840000 1.641667
0.839000 1.621267
0.838000 1.590333
0.837000 1.645467
0.836000 1.589467
0.835000 1.603733
0.834000 1.645533
0.833000 1.589533
0.832000 1.606467
0.831000 1.645533
0.830000 1.589533
0.829000 1.606467
0.828000 1.645533
0.827000 1.648267
0.826000 1.608467
0.825000 1.678600
0.824000 1.608467
0.823000 1.648200
0.822000 1.678600
0.821000 1.608467
0.820000 1.648200
0.819000 1.678600
0.818000 1.608467
0.817000 1.689267
0.816000 1.671533
0.815000 1.709000
0.814000 1.689267
0.813000 1.671533
0.812000 1.709000
0.811000 1.689267
0.810000 1.671533
0.809000 1.689267
0.808000 1.709000
0.807000 1.720200
0.806000 1.677267
0.805000 1.771800
0.804000 1.720200
0.803000 1.771800
0.802000 1.677267
0.801000 1.720200
0.800000 1.677267
0.799000 1.771800
0.798000 1.720200
0.797000 1.717467
0.796000 1.738200
0.795000 1.758200
0.794000 1.714867
0.793000 1.738200
0.792000 1.758200
0.791000 1.714867
0.790000 1.738200
0.789000 1.758200
0.788000 1.714867
0.787000 1.727400
0.786000 1.767533
0.785000 1.747400
0.784000 1.727400
0.783000 1.767533
0.782000 1.767533
0.781000 1.727400
0.780000 1.747400
0.779000 1.767533
0.778000 1.779000
0.777000 1.727400
0.776000 1.785000
0.775000 1.781600
0.774000 1.781333
0.773000 1.785000
0.772000 1.784067
0.771000 1.779000
0.770000 1.785000
0.769000 1.779000
0.768000 1.784067
0.767000 1.793133
0.766000 1.780067
0.765000 1.819333
0.764000 1.793133
0.763000 1.780067
0.762000 1.818733
0.761000 1.793133
0.760000 1.780067
0.759000 1.818733
0.758000 1.793133
0.757000 1.820067
0.756000 1.879733
0.755000 1.822800
0.754000 1.819933
0.753000 1.879000
0.752000 1.820067
0.751000 1.819933
0.750000 1.879000
0.749000 1.820067
0.748000 1.819933
0.747000 1.933933
0.746000 1.844867
0.745000 1.867267
0.744000 1.933933
0.743000 1.844867
0.742000 1.867267
0.741000 1.933933
0.740000 1.844867
0.739000 1.867267
0.738000 1.933933
0.737000 1.935267
0.736000 1.990000
0.735000 1.883733
0.734000 1.920600
0.733000 1.992867
0.732000 1.920600
0.731000 1.880867
0.730000 1.992867
0.729000 1.920600
0.728000 1.880867
0.727000 1.982333
0.726000 1.994600
0.725000 1.953800
0.724000 1.982333
0.723000 1.994600
0.722000 1.953800
0.721000 1.982333
0.720000 1.994600
0.719000 1.953800
0.718000 1.982333
0.717000 2.056200
0.716000 1.990267
0.715000 2.052800
0.714000 2.012933
0.713000 1.993133
0.712000 2.056200
0.711000 1.993133
0.710000 2.012600
0.709000 2.056200
0.708000 1.993133
0.707000 2.118600
0.706000 2.106467
0.705000 2.071267
0.704000 2.118600
0.703000 2.106467
0.702000 2.071267
0.701000 2.118600
0.700000 2.106467
0.699000 2.071267
0.698000 2.118600
0.697000 2.154400
0.696000 2.113133
0.695000 2.109800
0.694000 2.108667
0.693000 2.112933
0.692000 2.108133
0.691000 2.113133
0.690000 2.109800
0.689000 2.111000
0.688000 2.113133
0.687000 2.187667
0.686000 2.131400
0.685000 2.185533
0.684000 2.187667
0.683000 2.131400
0.682000 2.185533
0.681000 2.187667
0.680000 2.131400
0.679000 2.185533
0.678000 2.187667
0.677000 2.179067
0.676000 2.247400
0.675000 2.258600
0.674000 2.258933
0.673000 2.232800
0.672000 2.180333
0.671000 2.258600
0.670000 2.232333
0.669000 2.180333
0.668000 2.258600
0.667000 2.236467
0.666000 2.301800
0.665000 2.251600
0.664000 2.236467
0.663000 2.301800
0.662000 2.250333
0.661000 2.236467
0.660000 2.301800
0.659000 2.250333
0.658000 2.236467
0.657000 2.307933
0.656000 2.315800
0.655000 2.288867
0.654000 2.307933
0.653000 2.315800
0.652000 2.416600
0.651000 2.313200
0.650000 2.288867
0.649000 2.416600
0.648000 2.315800
0.647000 2.318400
0.646000 2.455400
0.645000 2.350467
0.644000 2.315667
0.643000 2.455400
0.642000 2.350467
0.641000 2.315667
0.640000 2.455400
0.639000 2.350467
0.638000 2.315667
0.637000 2.408400
0.636000 2.319533
0.635000 2.319733
0.634000 2.405267
0.633000 2.319533
0.632000 2.322467
0.631000 2.405267
0.630000 2.322467
0.629000 2.408400
0.628000 2.356000
0.627000 2.300067
0.626000 2.285400
0.625000 2.277000
0.624000 2.300067
0.623000 2.285400
0.622000 2.277000
0.621000 2.300067
0.620000 2.285400
0.619000 2.277000
0.618000 2.300067
0.617000 2.260733
0.616000 2.296533
0.615000 2.265133
0.614000 2.260733
0.613000 2.296333
0.612000 2.265133
0.611000 2.260733
0.610000 2.265133
0.609000 2.296333
0.608000 2.260733
0.607000 2.173867
0.606000 2.196067
0.605000 2.120200
0.604000 2.170733
0.603000 2.196067
0.602000 2.120200
0.601000 2.170733
0.600000 2.196067
0.599000 2.120200
0.598000 2.170733
0.597000 2.074133
0.596000 2.033400
0.595000 2.069800
0.594000 2.074200
0.593000 2.033400
0.592000 2.069800
0.591000 2.074200
0.590000 2.033400
0.589000 2.069800
0.588000 2.074200
0.587000 1.889200
0.586000 1.978600
0.585000 1.930333
0.584000 1.889400
0.583000 1.978600
0.582000 1.930333
0.581000 1.930333
0.580000 1.889200
0.579000 1.915867
0.578000 1.930333
0.577000 1.756333
0.576000 1.755533
0.575000 1.772333
0.574000 1.756333
0.573000 1.755533
0.572000 1.772333
0.571000 1.756333
0.570000 1.755533
0.569000 1.756333
0.568000 1.772333
0.567000 1.593267
0.566000 1.615467
0.565000 1.598600
0.564000 1.593267
0.563000 1.598600
0.562000 1.612333
0.561000 1.593267
0.560000 1.598600
0.559000 1.612333
0.558000 1.593267
0.557000 1.453733
0.556000 1.441400
0.555000 1.434400
0.554000 1.441400
0.553000 1.434400
0.552000 1.494200
0.551000 1.441400
0.550000 1.431533
0.549000 1.494200
0.548000 1.441400
0.547000 1.272067
0.546000 1.319667
0.545000 1.288067
0.544000 1.272067
0.543000 1.319667
0.542000 1.288067
0.541000 1.272067
0.540000 1.319667
0.539000 1.288067
0.538000 1.272067
0.537000 1.139533
0.536000 1.152733
0.535000 1.160333
0.534000 1.139533
0.533000 1.152733
0.532000 1.160333
0.531000 1.139533
0.530000 1.152733
0.529000 1.160333
0.528000 1.139533
0.527000 1.051867
0.526000 1.026667
0.525000 1.053933
0.524000 1.055000
0.523000 1.025533
0.522000 0.988733
0.521000 1.026667
0.520000 1.050000
0.519000 0.988733
0.518000 1.025533
0.517000 0.934867
0.516000 0.898467
0.515000 0.893867
0.514000 0.934867
0.513000 0.898467
0.512000 0.895000
0.511000 0.934867
0.510000 0.898467
0.509000 0.895000
0.508000 0.934867
0.507000 0.816600
0.506000 0.856267
0.505000 0.829067
0.504000 0.816600
0.503000 0.855133
0.502000 0.827533
0.501000 0.816600
0.500000 0.855133
0.499000 0.827533
0.498000 0.816600
0.497000 0.740667
0.496000 0.773067
0.495000 0.713533
0.494000 0.741800
0.493000 0.774600
0.492000 0.713533
0.491000 0.741800
0.490000 0.774600
0.489000 0.713533
0.488000 0.774600
0.487000 0.669933
0.486000 0.705400
0.485000 0.689000
0.484000 0.669933
0.483000 0.705400
0.482000 0.689000
0.481000 0.669933
0.480000 0.705400
0.479000 0.689000
0.478000 0.669933
0.477000 0.637933
0.476000 0.638600
0.475000 0.633933
0.474000 0.638600
0.473000 0.637933
0.472000 0.633933
0.471000 0.638600
0.470000 0.637933
0.469000 0.633933
0.468000 0.638600
0.467000 0.608200
0.466000 0.579267
0.465000 0.598000
0.464000 0.608200
0.463000 0.579267
0.462000 0.597133
0.461000 0.608200
0.460000 0.579267
0.459000 0.597133
0.458000 0.608200
0.457000 0.523133
0.456000 0.530667
0.455000 0.538600
0.454000 0.523133
0.453000 0.523133
0.452000 0.538600
0.451000 0.539267
0.450000 0.523133
0.449000 0.539267
0.448000 0.538600
0.447000 0.491933
0.446000 0.498867
0.445000 0.501400
0.444000 0.491933
0.443000 0.501400
0.442000 0.498867
0.441000 0.491933
0.440000 0.501400
0.439000 0.498867
0.438000 0.491933
0.437000 0.466067
0.436000 0.443000
0.435000 0.450200
0.434000 0.443000
0.433000 0.466067
0.432000 0.450200
0.431000 0.466067
0.430000 0.443000
0.429000 0.450200
0.428000 0.466067
0.427000 0.414867
0.426000 0.422333
0.425000 0.421000
0.424000 0.414867
0.423000 0.422333
0.422000 0.421000
0.421000 0.414867
0.420000 0.422333
0.419000 0.414867
0.418000 0.421000
0.417000 0.402600
0.416000 0.394733
0.415000 0.410533
0.414000 0.394733
0.413000 0.395000
0.412000 0.410333
0.411000 0.394733
0.410000 0.395000
0.409000 0.410333
0.408000 0.394733
0.407000 0.367533
0.406000 0.386333
0.405000 0.371267
0.404000 0.386333
0.403000 0.367533
0.402000 0.371267
0.401000 0.367533
0.400000 0.386333
0.399000 0.371267
0.398000 0.367533
0.397000 0.371000
0.396000 0.351000
0.395000 0.341600
0.394000 0.371000
0.393000 0.351000
0.392000 0.341000
0.391000 0.371000
0.390000 0.351000
0.389000 0.341000
0.388000 0.371000
0.387000 0.327267
0.386000 0.323067
0.385000 0.352667
0.384000 0.327267
0.383000 0.323933
0.382000 0.352733
0.381000 0.327267
0.380000 0.323933
0.379000 0.352733
0.378000 0.327267
0.377000 0.320333
0.376000 0.311933
0.375000 0.307133
0.374000 0.320333
0.373000 0.311933
0.372000 0.307133
0.371000 0.320333
0.370000 0.311933
0.369000 0.307133
0.368000 0.320333
0.367000 0.293000
0.366000 0.288200
0.365000 0.295000
0.364000 0.293000
0.363000 0.288200
0.362000 0.295000
0.361000 0.293000
0.360000 0.288200
0.359000 0.295000
0.358000 0.293000
0.357000 0.270200
0.356000 0.274400
0.355000 0.284067
0.354000 0.270200
0.353000 0.274200
0.352000 0.284067
0.351000 0.270200
0.350000 0.274200
0.349000 0.284067
0.348000 0.270200
0.347000 0.258600
0.346000 0.260600
0.345000 0.251133
0.344000 0.258600
0.343000 0.260600
0.342000 0.251133
0.341000 0.258600
0.340000 0.260600
0.339000 0.258800
0.338000 0.261467
0.337000 0.235267
0.336000 0.238200
0.335000 0.246733
0.334000 0.235267
0.333000 0.238200
0.332000 0.246733
0.331000 0.235267
0.330000 0.238200
0.329000 0.246733
0.328000 0.235267
0.327000 0.221667
0.326000 0.239267
0.325000 0.223667
0.324000 0.221667
0.323000 0.239267
0.322000 0.221667
0.321000 0.223667
0.320000 0.239267
0.319000 0.223667
0.318000 0.221667
0.317000 0.227933
0.316000 0.211267
0.315000 0.207533
0.314000 0.227933
0.313000 0.211267
0.312000 0.207533
0.311000 0.227933
0.310000 0.211267
0.309000 0.207533
0.308000 0.227933
0.307000 0.204067
0.306000 0.200333
0.305000 0.208867
0.304000 0.200333
0.303000 0.204067
0.302000 0.208867
0.301000 0.200333
0.300000 0.204067
0.299000 0.204067
0.298000 0.208533
0.297000 0.188667
0.296000 0.196600
0.295000 0.196600
0.294000 0.188600
0.293000 0.196600
0.292000 0.196600
0.291000 0.188600
0.290000 0.196600
0.289000 0.196600
0.288000 0.188600
0.287000 0.181800
0.286000 0.183467
0.285000 0.177933
0.284000 0.181800
0.283000 0.183267
0.282000 0.177933
0.281000 0.181800
0.280000 0.183267
0.279000 0.177933
0.278000 0.181800
0.277000 0.176333
0.276000 0.168733
0.275000 0.173133
0.274000 0.176333
0.273000 0.168733
0.272000 0.173133
0.271000 0.176333
0.270000 0.168733
0.269000 0.173133
0.268000 0.160467
0.267000 0.176333
0.266000 0.164333
0.265000 0.167667
0.264000 0.160467
0.263000 0.164333
0.262000 0.160467
0.261000 0.167667
0.260000 0.160400
0.259000 0.164133
0.258000 0.161067
0.257000 0.154133
0.256000 0.153533
0.255000 0.155000
0.254000 0.153933
0.253000 0.153533
0.252000 0.155000
0.251000 0.153933
0.250000 0.153533
0.249000 0.155000
0.248000 0.153933
0.247000 0.147400
0.246000 0.144333
0.245000 0.144867
0.244000 0.147400
0.243000 0.144333
0.242000 0.144867
0.241000 0.147400
0.240000 0.144333
0.239000 0.144867
0.238000 0.147400
0.237000 0.137667
0.236000 0.135533
0.235000 0.141000
0.234000 0.137667
0.233000 0.135533
0.232000 0.141000
0.231000 0.137667
0.230000 0.135533
0.229000 0.141000
0.228000 0.137667
0.227000 0.132333
0.226000 0.129933
0.225000 0.130467
0.224000 0.132333
0.223000 0.129933
0.222000 0.130467
0.221000 0.132333
0.220000 0.129933
0.219000 0.130467
0.218000 0.130467
0.217000 0.127133
0.216000 0.124800
0.215000 0.123133
0.214000 0.127133
0.213000 0.124733
0.212000 0.123133
0.211000 0.127133
0.210000 0.124733
0.209000 0.123133
0.208000 0.127133
0.207000 0.120200
0.206000 0.118467
0.205000 0.120333
0.204000 0.120200
0.203000 0.118467
0.202000 0.120333
0.201000 0.120200
0.200000 0.118467
0.199000 0.120333
0.198000 0.120200
0.197000 0.113733
0.196000 0.112733
0.195000 0.113667
0.194000 0.113533
0.193000 0.112733
0.192000 0.113667
0.191000 0.113533
0.190000 0.112733
0.189000 0.113667
0.188000 0.113533
0.187000 0.103667
0.186000 0.109800
0.185000 0.107400
0.184000 0.103667
0.183000 0.109800
0.182000 0.107400
0.181000 0.103667
0.180000 0.109800
0.179000 0.107400
0.178000 0.103667
0.177000 0.105400
0.176000 0.105400
0.175000 0.102800
0.174000 0.102800
0.173000 0.105400
0.172000 0.102600
0.171000 0.102867
0.170000 0.105400
0.169000 0.102600
0.168000 0.102867
0.167000 0.100200
0.166000 0.098467
0.165000 0.095667
0.164000 0.100200
0.163000 0.098467
0.162000 0.095667
0.161000 0.100200
0.160000 0.098467
0.159000 0.095667
0.158000 0.100200
0.157000 0.093600
0.156000 0.089933
0.155000 0.093933
0.154000 0.093667
0.153000 0.089933
0.152000 0.093933
0.151000 0.093667
0.150000 0.089933
0.149000 0.093933
0.148000 0.093667
0.147000 0.085933
0.146000 0.089667
0.145000 0.090467
0.144000 0.085933
0.143000 0.089667
0.142000 0.090467
0.141000 0.085933
0.140000 0.089667
0.139000 0.090467
0.138000 0.085933
0.137000 0.084867
0.136000 0.086200
0.135000 0.082067
0.134000 0.086200
0.133000 0.084867
0.132000 0.086533
0.131000 0.082000
0.130000 0.084800
0.129000 0.086467
0.128000 0.082467
0.127000 0.082067
0.126000 0.080867
0.125000 0.082467
0.124000 0.079600
0.123000 0.080867
0.122000 0.082467
0.121000 0.079533
0.120000 0.080867
0.119000 0.082467
0.118000 0.079533
0.117000 0.076067
0.116000 0.078067
0.115000 0.076067
0.114000 0.076067
0.113000 0.078067
0.112000 0.076067
0.111000 0.076067
0.110000 0.078067
0.109000 0.076067
0.108000 0.076067
0.107000 0.074333
0.106000 0.073000
0.105000 0.072200
0.104000 0.074333
0.103000 0.073000
0.102000 0.072200
0.101000 0.074333
0.100000 0.073000
0.099000 0.072200
0.098000 0.074333
0.097000 0.069800
0.096000 0.067800
0.095000 0.070067
0.094000 0.069800
0.093000 0.067800
0.092000 0.070067
0.091000 0.069800
0.090000 0.067800
0.089000 0.070067
0.088000 0.067800
0.087000 0.063733
0.086000 0.066333
0.085000 0.063533
0.084000 0.063800
0.083000 0.066333
0.082000 0.063533
0.081000 0.063800
0.080000 0.066333
0.079000 0.063533
0.078000 0.063800
0.077000 0.062733
0.076000 0.060333
0.075000 0.059933
0.074000 0.062733
0.073000 0.060333
0.072000 0.059933
0.071000 0.062733
0.070000 0.060333
0.069000 0.059933
0.068000 0.062733
0.067000 0.056000
0.066000 0.055533
0.065000 0.057733
0.064000 0.056067
0.063000 0.055533
0.062000 0.057800
0.061000 0.056067
0.060000 0.055533
0.059000 0.057800
0.058000 0.056067
0.057000 0.051800
0.056000 0.052733
0.055000 0.050467
0.054000 0.051800
0.053000 0.052733
0.052000 0.050467
0.051000 0.051800
0.050000 0.052733
0.049000 0.050467
0.048000 0.051800
0.047000 0.046867
0.046000 0.043400
0.045000 0.046867
0.044000 0.046867
0.043000 0.043400
0.042000 0.044667
0.041000 0.043400
0.040000 0.046867
0.039000 0.043400
0.038000 0.044600
0.037000 0.037867
0.036000 0.038333
0.035000 0.037000
0.034000 0.037800
0.033000 0.038333
0.032000 0.037000
0.031000 0.037800
0.030000 0.038333
0.029000 0.037000
0.028000 0.037800
0.027000 0.029933
0.026000 0.027800
0.025000 0.027933
0.024000 0.029933
0.023000 0.027800
0.022000 0.027933
0.021000 0.027800
0.020000 0.029933
0.019000 0.027933
0.018000 0.027800
0.017000 0.021667
0.016000 0.020333
0.015000 0.021667
0.014000 0.020067
0.013000 0.020333
0.012000 0.020067
0.011000 0.021667
0.010000 0.020333
0.009000 0.020067
0.008000 0.021667
0.007000 0.010000
0.006000 0.009867
0.005000 0.011267
0.004000 0.009933
0.003000 0.009800
0.002000 0.011267
0.001000 0.009933
-0.000000 0.009800
-0.000000 0.011267
-0.000000 0.009933
